52856
40922
33869
28951
24601
20979
18305
16045
14364
13011
12217
11218
10654
10288
10007
9439
9101
8960
8673
8062
7722
7065
6663
6474
5897
5623
5327
5145
4899
4793
4480
4279
4063
3787
3698
3739
3538
3530
3381
3282
3208
3234
3297
3037
3040
2940
2893
2886
2836
2736
2636
2687
2493
2482
2415
2421
2249
2207
2302
2137
2039
2018
1958
1888
1812
1834
1732
1707
1697
1600
1585
1584
1545
1498
1446
1365
1397
1333
1312
1363
1294
1297
1277
1212
1216
1133
1174
1148
1169
1069
1044
1049
1067
1034
1059
1001
1027
998
978
940
984
922
946
865
916
936
913
858
920
863
789
863
858
843
796
827
789
768
778
869
829
797
797
773
745
775
744
780
705
728
726
740
747
744
804
771
757
733
712
728
710
703
677
688
692
715
714
650
680
718
648
653
677
674
667
662
645
711
667
654
665
649
619
638
647
639
658
639
637
667
666
631
579
631
692
665
599
594
667
602
656
613
639
640
660
628
631
635
606
609
640
622
618
608
633
611
626
601
655
619
599
611
608
588
615
597
577
600
596
580
599
567
596
632
567
585
585
607
590
621
570
587
592
603
583
565
580
564
588
588
565
562
592
584
558
603
635
574
653
578
591
520
579
590
593
557
527
606
563
620
550
599
573
569
580
612
609
588
579
564
553
559
557
569
579
514
552
536
561
518
557
560
585
596
572
569
572
566
578
554
575
544
528
545
548
567
536
530
566
565
576
606
522
577
563
535
576
539
509
570
527
554
542
548
561
545
575
576
533
537
556
571
537
555
527
538
556
574
564
521
565
542
539
552
568
527
572
562
566
561
533
528
573
583
548
529
524
500
503
597
525
563
518
544
553
537
506
547
540
517
531
532
585
521
568
538
540
547
554
513
549
511
561
581
539
539
553
548
508
560
526
554
605
528
554
535
548
556
576
489
529
578
482
572
569
499
548
568
568
530
528
522
524
540
531
573
509
557
523
550
590
509
538
574
520
517
509
537
525
500
574
531
523
561
531
530
551
530
544
550
517
519
526
521
577
556
541
580
545
533
496
546
535
532
478
560
556
501
518
589
536
521
537
578
517
552
538
529
509
570
529
484
518
537
520
537
526
577
534
519
542
548
515
539
534
485
573
529
501
494
533
598
522
506
519
538
534
515
511
532
514
450
504
532
544
493
518
504
540
529
534
552