262150
131780
81476
63566
53359
71901
72235
56141
46284
39707
33523
28666
24904
21916
19620
17783
16760
15445
14632
14087
13615
12776
12492
12297
11912
11142
10534
9636
9152
8796
8079
7721
7310
7097
6668
6521
6105
5842
5535
5171
5033
5031
4793
4812
4568
4506
4363
4415
4397
4176
4188
4040
3918
3903
3908
3713
3687
3692
3402
3397
3380
3324
3118
3000
3122
2909
2840
2749
2710
2604
2525
2509
2396
2303
2290
2187
2165
2143
2118
2051
1999
1881
1929
1858
1818
1848
1746
1747
1739
1625
1616
1562
1552
1577
1558
1459
1432
1425
1426
1443
1412
1353
1393
1360
1314
1288
1284
1273
1288
1223
1258
1270
1221
1192
1254
1187
1114
1135
1176
1143
1094
1119
1082
1063
1060
1151
1123
1081
1068
1056
1034
1028
1000
1052
946
991
999
994
1014
997
1040
1020
1019
939
969
988
964
964
945
960
921
967
932
884
895
967
888
869
886
901
908
913
877
981
890
879
877
872
847
867
896
869
879
857
861
895
892
865
807
870
914
890
823
818
866
840
897
836
885
878
882
852
843
857
817
815
850
850
823
827
843
832
830
810
834
844
814
834
838
782
841
801
774
805
789
758
791
765
808
818
767
785
802
791
820
814
779
804
783
825
792
760
756
760
808
786
794
781
776
787
753
797
845
757
877
785
797
745
786
788
793
752
735
807
763
832
756
769
771
748
785
802
834
779
768
784
735
748
729
774
756
703
742
723
735
701
748
747
791
794
752
740
754
749
761
756
774
728
727
728
767
761
724
734
768
769
783
785
710
775
759
719
786
729
711
740
728
732
742
733
767
750
756
772
722
724
759
769
739
755
735
705
729
758
765
696
741
730
748
766
761
705
779
756
749
757
718
703
763
772
754
718
727
667
699
784
723
771
726
733
722
720
692
746
729
697
723
713
775
699
752
747
744
744
728
695
718
697
732
779
704
740
730
743
695
748
713
745
796
725
749
718
731
724
753
668
711
749
670
781
739
670
740
729
736
713
690
700
703
735
709
750
682
718
695
760
760
674
718
744
692
701
682
726
718
681
739
732
697
753
718
718
737
727
707
748
717
702
722
719
777
754
701
754
720
702
695
736
717
703
661
738
742
681
685
781
718
676
752
749
685
743
698
731
704
746
719
694
688
709
722
729
716
752
728
688
746
740
719
736
705
680
744
687
704
687
702
776
729
680
693
738
723
690
685
705
718
618
705
717
722
686
704
702
695
718
731
724