Channel	Time	Experimental Counts	Theoretical Counts	Chi2
0		14		
1	9.48E-08	6		#DIV/0!
2	1.90E-07	3		
3	2.84E-07	2		
4	3.79E-07	0		
5	4.74E-07	0		
6	5.69E-07	0		
7	6.64E-07	0		
8	7.59E-07	1		
9	8.53E-07	0		
10	9.48E-07	0		
11	1.04E-06	0		
12	1.14E-06	0		
13	1.23E-06	0		
14	1.33E-06	0		
15	1.42E-06	1		
16	1.52E-06	0		
17	1.61E-06	0		
18	1.71E-06	0		
19	1.80E-06	0		
20	1.90E-06	0		
21	1.99E-06	0		
22	2.09E-06	1		
23	2.18E-06	0		
24	2.28E-06	0		
25	2.37E-06	0		
26	2.47E-06	0		
27	2.56E-06	0		
28	2.65E-06	0		
29	2.75E-06	0		
30	2.84E-06	0		
31	2.94E-06	0		
32	3.03E-06	0		
33	3.13E-06	0		
34	3.22E-06	1		
35	3.32E-06	0		
36	3.41E-06	0		
37	3.51E-06	0		
38	3.60E-06	0		
39	3.70E-06	0		
40	3.79E-06	0		
41	3.89E-06	0		
42	3.98E-06	0		
43	4.08E-06	0		
44	4.17E-06	0		
45	4.27E-06	0		
46	4.36E-06	0		
47	4.46E-06	1		
48	4.55E-06	0		
49	4.65E-06	0		
50	4.74E-06	0		
51	4.84E-06	0		
52	4.93E-06	0		
53	5.03E-06	0		
54	5.12E-06	0		
55	5.21E-06	0		
56	5.31E-06	0		
57	5.40E-06	0		
58	5.50E-06	0		
59	5.59E-06	0		
60	5.69E-06	0		
61	5.78E-06	1		
62	5.88E-06	0		
63	5.97E-06	0		
64	6.07E-06	0		
65	6.16E-06	0		
66	6.26E-06	0		
67	6.35E-06	0		
68	6.45E-06	0		
69	6.54E-06	0		
70	6.64E-06	0		
71	6.73E-06	0		
72	6.83E-06	0		
73	6.92E-06	0		
74	7.02E-06	0		
75	7.11E-06	0		
76	7.21E-06	0		
77	7.30E-06	0		
78	7.40E-06	0		
79	7.49E-06	0		
80	7.59E-06	0		
81	7.68E-06	0		
82	7.77E-06	0		
83	7.87E-06	0		
84	7.96E-06	0		
85	8.06E-06	0		
86	8.15E-06	0		
87	8.25E-06	0		
88	8.34E-06	0		
89	8.44E-06	0		
90	8.53E-06	0		
91	8.63E-06	0		
92	8.72E-06	0		
93	8.82E-06	0		
94	8.91E-06	0		
95	9.01E-06	0		
96	9.10E-06	0		
97	9.20E-06	0		
98	9.29E-06	0		
99	9.39E-06	0		
100	9.48E-06	0		
101	9.58E-06	0		
102	9.67E-06	0		
103	9.77E-06	0		
104	9.86E-06	0		
105	9.96E-06	0		
106	1.01E-05	0		
107	1.01E-05	0		
108	1.02E-05	0		
109	1.03E-05	0		
110	1.04E-05	0		
111	1.05E-05	0		
112	1.06E-05	0		
113	1.07E-05	0		
114	1.08E-05	0		
115	1.09E-05	0		
116	1.10E-05	0		
117	1.11E-05	0		
118	1.12E-05	0		
119	1.13E-05	0		
120	1.14E-05	0		
121	1.15E-05	0		
122	1.16E-05	0		
123	1.17E-05	0		
124	1.18E-05	0		
125	1.19E-05	0		
126	1.19E-05	0		
127	1.20E-05	0		
128	1.21E-05	0		
129	1.22E-05	0		
130	1.23E-05	0		
131	1.24E-05	0		
132	1.25E-05	0		
133	1.26E-05	0		
134	1.27E-05	0		
135	1.28E-05	0		
136	1.29E-05	0		
137	1.30E-05	0		
138	1.31E-05	0		
139	1.32E-05	0		
140	1.33E-05	0		
141	1.34E-05	0		
142	1.35E-05	0		
143	1.36E-05	0		
144	1.37E-05	0		
145	1.37E-05	0		
146	1.38E-05	0		
147	1.39E-05	0		
148	1.40E-05	0		
149	1.41E-05	0		
150	1.42E-05	0		
151	1.43E-05	0		
152	1.44E-05	0		
153	1.45E-05	0		
154	1.46E-05	0		
155	1.47E-05	0		
156	1.48E-05	0		
157	1.49E-05	0		
158	1.50E-05	0		
159	1.51E-05	0		
160	1.52E-05	0		
161	1.53E-05	0		
162	1.54E-05	0		
163	1.55E-05	0		
164	1.55E-05	0		
165	1.56E-05	0		
166	1.57E-05	0		
167	1.58E-05	0		
168	1.59E-05	0		
169	1.60E-05	0		
170	1.61E-05	0		
171	1.62E-05	0		
172	1.63E-05	0		
173	1.64E-05	0		
174	1.65E-05	0		
175	1.66E-05	0		
176	1.67E-05	0		
177	1.68E-05	0		
178	1.69E-05	0		
179	1.70E-05	0		
180	1.71E-05	0		
181	1.72E-05	0		
182	1.73E-05	0		
183	1.74E-05	1		
184	1.74E-05	0		
185	1.75E-05	0		
186	1.76E-05	0		
187	1.77E-05	0		
188	1.78E-05	0		
189	1.79E-05	0		
190	1.80E-05	0		
191	1.81E-05	0		
192	1.82E-05	0		
193	1.83E-05	0		
194	1.84E-05	0		
195	1.85E-05	0		
196	1.86E-05	0		
197	1.87E-05	0		
198	1.88E-05	0		
199	1.89E-05	0		
200	1.90E-05	0		
201	1.91E-05	0		
202	1.92E-05	0		
203	1.92E-05	0		
204	1.93E-05	0		
205	1.94E-05	0		
206	1.95E-05	0		
207	1.96E-05	0		
208	1.97E-05	0		
209	1.98E-05	0		
210	1.99E-05	0		
211	2.00E-05	0		
212	2.01E-05	0		
213	2.02E-05	0		
214	2.03E-05	0		
215	2.04E-05	0		
216	2.05E-05	0		
217	2.06E-05	0		
218	2.07E-05	0		
219	2.08E-05	0		
220	2.09E-05	0		
221	2.10E-05	0		
222	2.10E-05	0		
223	2.11E-05	0		
224	2.12E-05	0		
225	2.13E-05	0		
226	2.14E-05	0		
227	2.15E-05	0		
228	2.16E-05	0		
229	2.17E-05	0		
230	2.18E-05	0		
231	2.19E-05	0		
232	2.20E-05	0		
233	2.21E-05	0		
234	2.22E-05	0		
235	2.23E-05	0		
236	2.24E-05	0		
237	2.25E-05	0		
238	2.26E-05	0		
239	2.27E-05	0		
240	2.28E-05	0		
241	2.29E-05	0		
242	2.29E-05	0		
243	2.30E-05	0		
244	2.31E-05	0		
245	2.32E-05	0		
246	2.33E-05	0		
247	2.34E-05	0		
248	2.35E-05	0		
249	2.36E-05	0		
250	2.37E-05	0		
251	2.38E-05	0		
252	2.39E-05	0		
253	2.40E-05	0		
254	2.41E-05	0		
255	2.42E-05	0		
256	2.43E-05	0		
257	2.44E-05	0		
258	2.45E-05	0		
259	2.46E-05	0		
260	2.47E-05	0		
261	2.47E-05	0		
262	2.48E-05	0		
263	2.49E-05	0		
264	2.50E-05	0		
265	2.51E-05	0		
266	2.52E-05	0		
267	2.53E-05	0		
268	2.54E-05	0		
269	2.55E-05	0		
270	2.56E-05	0		
271	2.57E-05	0		
272	2.58E-05	0		
273	2.59E-05	0		
274	2.60E-05	0		
275	2.61E-05	0		
276	2.62E-05	0		
277	2.63E-05	0		
278	2.64E-05	0		
279	2.65E-05	0		
280	2.65E-05	0		
281	2.66E-05	0		
282	2.67E-05	0		
283	2.68E-05	0		
284	2.69E-05	0		
285	2.70E-05	0		
286	2.71E-05	0		
287	2.72E-05	0		
288	2.73E-05	0		
289	2.74E-05	0		
290	2.75E-05	0		
291	2.76E-05	0		
292	2.77E-05	0		
293	2.78E-05	0		
294	2.79E-05	0		
295	2.80E-05	0		
296	2.81E-05	0		
297	2.82E-05	0		
298	2.83E-05	0		
299	2.83E-05	0		
300	2.84E-05	0		
301	2.85E-05	0		
302	2.86E-05	0		
303	2.87E-05	0		
304	2.88E-05	0		
305	2.89E-05	0		
306	2.90E-05	0		
307	2.91E-05	0		
308	2.92E-05	0		
309	2.93E-05	0		
310	2.94E-05	0		
311	2.95E-05	0		
312	2.96E-05	0		
313	2.97E-05	0		
314	2.98E-05	0		
315	2.99E-05	0		
316	3.00E-05	0		
317	3.01E-05	0		
318	3.02E-05	0		
319	3.02E-05	0		
320	3.03E-05	0		
321	3.04E-05	0		
322	3.05E-05	0		
323	3.06E-05	0		
324	3.07E-05	0		
325	3.08E-05	0		
326	3.09E-05	0		
327	3.10E-05	0		
328	3.11E-05	0		
329	3.12E-05	0		
330	3.13E-05	0		
331	3.14E-05	0		
332	3.15E-05	0		
333	3.16E-05	0		
334	3.17E-05	0		
335	3.18E-05	0		
336	3.19E-05	0		
337	3.20E-05	0		
338	3.20E-05	0		
339	3.21E-05	0		
340	3.22E-05	0		
341	3.23E-05	0		
342	3.24E-05	0		
343	3.25E-05	0		
344	3.26E-05	0		
345	3.27E-05	0		
346	3.28E-05	0		
347	3.29E-05	0		
348	3.30E-05	0		
349	3.31E-05	0		
350	3.32E-05	0		
351	3.33E-05	0		
352	3.34E-05	0		
353	3.35E-05	0		
354	3.36E-05	0		
355	3.37E-05	0		
356	3.38E-05	0		
357	3.38E-05	0		
358	3.39E-05	1		
359	3.40E-05	0		
360	3.41E-05	0		
361	3.42E-05	0		
362	3.43E-05	0		
363	3.44E-05	0		
364	3.45E-05	0		
365	3.46E-05	0		
366	3.47E-05	0		
367	3.48E-05	0		
368	3.49E-05	0		
369	3.50E-05	0		
370	3.51E-05	0		
371	3.52E-05	0		
372	3.53E-05	0		
373	3.54E-05	0		
374	3.55E-05	0		
375	3.56E-05	0		
376	3.56E-05	0		
377	3.57E-05	0		
378	3.58E-05	0		
379	3.59E-05	0		
380	3.60E-05	0		
381	3.61E-05	0		
382	3.62E-05	0		
383	3.63E-05	0		
384	3.64E-05	0		
385	3.65E-05	0		
386	3.66E-05	0		
387	3.67E-05	0		
388	3.68E-05	0		
389	3.69E-05	0		
390	3.70E-05	0		
391	3.71E-05	0		
392	3.72E-05	0		
393	3.73E-05	0		
394	3.74E-05	0		
395	3.75E-05	0		
396	3.75E-05	0		
397	3.76E-05	0		
398	3.77E-05	0		
399	3.78E-05	0		
400	3.79E-05	0		
401	3.80E-05	0		
402	3.81E-05	0		
403	3.82E-05	0		
404	3.83E-05	0		
405	3.84E-05	0		
406	3.85E-05	0		
407	3.86E-05	0		
408	3.87E-05	0		
409	3.88E-05	0		
410	3.89E-05	0		
411	3.90E-05	0		
412	3.91E-05	0		
413	3.92E-05	0		
414	3.93E-05	0		
415	3.93E-05	0		
416	3.94E-05	0		
417	3.95E-05	0		
418	3.96E-05	0		
419	3.97E-05	0		
420	3.98E-05	0		
421	3.99E-05	0		
422	4.00E-05	0		
423	4.01E-05	0		
424	4.02E-05	0		
425	4.03E-05	0		
426	4.04E-05	0		
427	4.05E-05	0		
428	4.06E-05	0		
429	4.07E-05	0		
430	4.08E-05	0		
431	4.09E-05	0		
432	4.10E-05	0		
433	4.11E-05	0		
434	4.11E-05	0		
435	4.12E-05	0		
436	4.13E-05	0		
437	4.14E-05	0		
438	4.15E-05	0		
439	4.16E-05	0		
440	4.17E-05	0		
441	4.18E-05	0		
442	4.19E-05	0		
443	4.20E-05	0		
444	4.21E-05	0		
445	4.22E-05	0		
446	4.23E-05	0		
447	4.24E-05	0		
448	4.25E-05	0		
449	4.26E-05	0		
450	4.27E-05	0		
451	4.28E-05	0		
452	4.29E-05	0		
453	4.30E-05	0		
454	4.30E-05	0		
455	4.31E-05	0		
456	4.32E-05	0		
457	4.33E-05	0		
458	4.34E-05	0		
459	4.35E-05	0		
460	4.36E-05	0		
461	4.37E-05	0		
462	4.38E-05	0		
463	4.39E-05	0		
464	4.40E-05	0		
465	4.41E-05	0		
466	4.42E-05	0		
467	4.43E-05	0		
468	4.44E-05	0		
469	4.45E-05	0		
470	4.46E-05	0		
471	4.47E-05	0		
472	4.48E-05	0		
473	4.48E-05	0		
474	4.49E-05	0		
475	4.50E-05	0		
476	4.51E-05	0		
477	4.52E-05	0		
478	4.53E-05	0		
479	4.54E-05	0		
480	4.55E-05	0		
481	4.56E-05	0		
482	4.57E-05	0		
483	4.58E-05	0		
484	4.59E-05	0		
485	4.60E-05	0		
486	4.61E-05	0		
487	4.62E-05	0		
488	4.63E-05	0		
489	4.64E-05	0		
490	4.65E-05	0		
491	4.66E-05	0		
492	4.66E-05	0		
493	4.67E-05	0		
494	4.68E-05	0		
495	4.69E-05	0		
496	4.70E-05	0		
497	4.71E-05	0		
498	4.72E-05	0		
499	4.73E-05	0		
500	4.74E-05	0		
501	4.75E-05	0		
502	4.76E-05	0		
503	4.77E-05	0		
504	4.78E-05	0		
505	4.79E-05	0		
506	4.80E-05	0		
507	4.81E-05	0		
508	4.82E-05	0		
509	4.83E-05	0		
510	4.84E-05	0		
511	4.84E-05	0		
